  2.6951631e+000
  2.1606844e+000
  1.4504984e+000
  7.8367747e-001
  3.4021183e-001
  1.5935171e-001
  1.3601070e-001
  1.1256592e-001
 -5.9176490e-003
 -1.9816712e-001
 -3.6836371e-001
 -4.4149129e-001
 -4.3135726e-001
 -4.2621137e-001
 -5.0633297e-001
 -6.6477182e-001
 -8.0088395e-001
 -7.9733832e-001
 -6.2183515e-001
 -3.7076939e-001
 -2.1400023e-001
 -2.7619705e-001
 -5.4159416e-001
 -8.5462915e-001
 -1.0187820e+000
 -9.2325895e-001
 -6.0742920e-001
 -2.2079762e-001
  8.5556215e-002
  2.5183265e-001
  3.2009201e-001
  3.6404192e-001
  4.0341635e-001
  3.7778067e-001
  2.0302129e-001
 -1.3678399e-001
 -5.4181389e-001
 -8.4034590e-001
 -8.9840969e-001
 -7.1438619e-001
 -4.2444350e-001
 -2.0993222e-001
 -1.7198351e-001
 -2.6430862e-001
 -3.3227723e-001
 -2.2736249e-001
  8.8685778e-002
  5.2473550e-001
  9.3416703e-001
  1.2193652e+000
  1.3848947e+000
  1.5025131e+000
  1.6237789e+000
  1.7179457e+000
  1.6908034e+000
  1.4720402e+000
  1.0993867e+000
  7.2558632e-001
  5.3241326e-001
  6.0968817e-001
  8.8847499e-001
  1.1806652e+000
  1.2992057e+000
  1.1736802e+000
  8.8035946e-001
  5.7057318e-001
  3.5640369e-001
  2.4090732e-001
  1.4097219e-001
 -2.3467497e-002
 -2.5099053e-001
 -4.5610195e-001
 -5.4341524e-001
 -4.9524073e-001
 -3.9668663e-001
 -3.7214306e-001
 -4.7978865e-001
 -6.4831147e-001
 -7.1126441e-001
 -5.2035760e-001
 -5.6688423e-002
  5.4271249e-001
  1.0643209e+000
  1.3470187e+000
  1.3688634e+000
  1.2340559e+000
  1.0783785e+000
  9.7048380e-001
  8.8384203e-001
  7.5376696e-001
  5.6464193e-001
  3.8937568e-001
  3.4406552e-001
  4.9251754e-001
  7.7973066e-001
  1.0541547e+000
  1.1695508e+000
  1.0926111e+000
  9.3372849e-001
  8.7387192e-001
  1.0385255e+000
  1.4101473e+000
  1.8421951e+000
  2.1620811e+000
  2.2853956e+000
  2.2586723e+000
  2.2054406e+000
  2.2246650e+000
  2.3240130e+000
  2.4378721e+000
  2.5089021e+000
  2.5595440e+000
  2.6882970e+000
  2.9880682e+000
  3.4504017e+000
  3.9360712e+000
  4.2444743e+000
  4.2379260e+000
  3.9318079e+000
  3.4837150e+000
  3.0883433e+000
  2.8539963e+000
  2.7485311e+000
  2.6486687e+000
  2.4487978e+000
  2.1434929e+000
  1.8231250e+000
  1.5928560e+000
  1.4854421e+000
  1.4405154e+000
  1.3665683e+000
  1.2325971e+000
  1.1101924e+000
  1.1254455e+000
  1.3533132e+000
  1.7367965e+000
  2.0989481e+000
  2.2468136e+000
  2.0956082e+000
  1.7237231e+000
  1.3189384e+000
  1.0558549e+000
  9.9340025e-001
  1.0626672e+000
  1.1447921e+000
  1.1713017e+000
  1.1670038e+000
  1.2060458e+000
  1.3238088e+000
  1.4631255e+000
  1.5045195e+000
  1.3600653e+000
  1.0555222e+000
  7.3041681e-001
  5.4819655e-001
  5.8006745e-001
  7.5017413e-001
  8.8626043e-001
  8.4131632e-001
  5.9813858e-001
  2.8143092e-001
  7.1276480e-002
  8.4375570e-002
  3.1011814e-001
  6.4278098e-001
  9.7585763e-001
  1.2788756e+000
  1.5959216e+000
  1.9720652e+000
  2.3746266e+000
  2.6817540e+000
  2.7562257e+000
  2.5511072e+000
  2.1631856e+000
  1.7858861e+000
  1.5892007e+000
  1.6114650e+000
  1.7415297e+000
  1.8038232e+000
  1.6831165e+000
  1.3981339e+000
  1.0740813e+000
  8.4139980e-001
  7.4182667e-001
  7.1249275e-001
  6.5409276e-001
  5.2213938e-001
  3.6393251e-001
  2.7041736e-001
  2.8369553e-001
  3.3974540e-001
  3.0002703e-001
  5.4691943e-002
 -3.7995477e-001
 -8.4794092e-001
 -1.1414711e+000
 -1.1310923e+000
 -8.4594706e-001
 -4.4790256e-001
 -1.2130752e-001
  3.9441893e-002
  6.5013054e-002
  5.1713704e-002
  6.2931602e-002
  7.3381451e-002
 -8.1301796e-004
 -2.1526168e-001
 -5.2992533e-001
 -8.2195261e-001
 -9.7364887e-001
 -9.6707708e-001
 -9.0716741e-001
 -9.4851419e-001
 -1.1764565e+000
 -1.5314772e+000
 -1.8363539e+000
 -1.9095092e+000
 -1.6835497e+000
 -1.2444156e+000
 -7.6637855e-001
 -3.9513913e-001
 -1.6659367e-001
 -1.6545554e-002
  1.3647546e-001
  3.0907112e-001
  4.4059310e-001
  4.5924873e-001
  3.6853905e-001
  2.7661128e-001
  3.3560682e-001
  6.3148748e-001
  1.1085988e+000
  1.5914046e+000
  1.8937478e+000
  1.9388749e+000
  1.8035349e+000
  1.6551236e+000
  1.6298523e+000
  1.7420404e+000
  1.8882544e+000
  1.9364850e+000
  1.8271796e+000
  1.6082139e+000
  1.3818412e+000
  1.2128949e+000
  1.0773040e+000
  8.9507390e-001
  6.2070113e-001
  3.1402554e-001
  1.2663789e-001
  2.0483695e-001
  5.7832310e-001
  1.1200541e+000
  1.6126586e+000
  1.8779057e+000
  1.8783446e+000
  1.7208839e+000
  1.5649719e+000
  1.5073550e+000
  1.5285384e+000
  1.5344309e+000
  1.4516753e+000
  1.2956533e+000
  1.1560877e+000
  1.1146152e+000
  1.1655136e+000
  1.2092247e+000
  1.1293505e+000
  8.9436208e-001
  6.0125504e-001
  4.2031309e-001
  4.7644970e-001
  7.5396041e-001
  1.0971605e+000
  1.3092252e+000
  1.2788771e+000
  1.0448272e+000
  7.5575464e-001
  5.6175374e-001
  5.2148965e-001
  5.9162958e-001
  6.9706837e-001
  8.1656351e-001
  1.0089454e+000
  1.3566438e+000
  1.8738345e+000
  2.4589052e+000
  2.9383152e+000
  3.1762676e+000
  3.1693270e+000
  3.0518732e+000
  3.0035150e+000
  3.1237059e+000
  3.3645601e+000
  3.5699475e+000
  3.5899536e+000
  3.3850668e+000
  3.0452966e+000
  2.7162905e+000
  2.4948515e+000
  2.3757710e+000
  2.2868225e+000
  2.1761579e+000
  2.0744167e+000
  2.0758854e+000
  2.2511349e+000
  2.5628743e+000
  2.8589749e+000
  2.9584475e+000
  2.7724174e+000
  2.3709190e+000
  1.9432999e+000
  1.6779807e+000
  1.6468599e+000
  1.7752486e+000
  1.9134825e+000
  1.9512116e+000
  1.8871614e+000
  1.8062566e+000
  1.7903893e+000
  1.8399590e+000
  1.8712676e+000
  1.7906837e+000
  1.5822131e+000
  1.3325826e+000
  1.1677080e+000
  1.1471848e+000
  1.2009955e+000
  1.1638512e+000
  8.8847291e-001
  3.5681096e-001
 -2.9341742e-001
 -8.4817474e-001
 -1.1460081e+000
 -1.1648223e+000
 -1.0088487e+000
 -8.1408351e-001
 -6.4957387e-001
 -4.8936176e-001
 -2.6950387e-001
  2.4709843e-002
  3.1930946e-001
  4.9699263e-001
  4.9261658e-001
  3.5972751e-001
  2.4831725e-001
  3.0297854e-001
  5.5530199e-001
  8.9312374e-001
  1.1336679e+000
  1.1496258e+000
  9.5671545e-001
  6.9967455e-001
  5.4932370e-001
  5.8836058e-001
  7.6861212e-001
  9.6499860e-001
  1.0771098e+000
  1.0959523e+000
  1.0859449e+000
  1.1033790e+000
  1.1249207e+000
  1.0513414e+000
  7.8917721e-001
  3.4650406e-001
 -1.3765008e-001
 -4.6269832e-001
 -4.9078733e-001
 -2.3694921e-001
  1.4174913e-001
  4.5131237e-001
  5.8430352e-001
  5.7388902e-001
  5.4451791e-001
  6.0310656e-001
  7.5650714e-001
  9.1588244e-001
  9.7769655e-001
  9.1089395e-001
  7.7760208e-001
  6.7112803e-001
  6.2429741e-001
  5.6734548e-001
  3.7599180e-001
 -2.2941944e-002
 -5.7072941e-001
 -1.0887641e+000
 -1.3825176e+000
 -1.3657319e+000
 -1.1154408e+000
 -8.1819661e-001
 -6.4751416e-001
 -6.6138807e-001
 -7.9014029e-001
 -9.1430647e-001
 -9.6498884e-001
 -9.6675119e-001
 -9.9367958e-001
 -1.0812775e+000
 -1.1726823e+000
 -1.1489014e+000
 -9.2266721e-001
 -5.2056516e-001
 -8.3106855e-002
  2.2512575e-001
  3.3165414e-001
  3.1093616e-001
  3.3371943e-001
  5.4540973e-001
  9.6152647e-001
  1.4556196e+000
  1.8458148e+000
  2.0135937e+000
  1.9677398e+000
  1.8121598e+000
  1.6515721e+000
  1.5147072e+000
  1.3558007e+000
  1.1281863e+000
  8.6304364e-001
  6.8083710e-001
  7.1752682e-001
  1.0189249e+000
  1.4872719e+000
  1.9283305e+000
  2.1714650e+000
  2.1778706e+000
  2.0584072e+000
  1.9885392e+000
  2.0835722e+000
  2.3250412e+000
  2.5881796e+000
  2.7431615e+000
  2.7490341e+000
  2.6696129e+000
  2.6053013e+000
  2.6018257e+000
  2.6132539e+000
  2.5501228e+000
  2.3719125e+000
  2.1443103e+000
  2.0075883e+000
  2.0733767e+000
  2.3271836e+000
  2.6148627e+000
  2.7304395e+000
  2.5462579e+000
  2.0932155e+000
  1.5348749e+000
  1.0572035e+000
  7.5612302e-001
  6.0238311e-001
  5.0097030e-001
  3.8965519e-001
  2.9473385e-001
  3.0093555e-001
  4.6455675e-001
  7.4607149e-001
  1.0229632e+000
  1.1776900e+000
  1.1922842e+000
  1.1714624e+000
  1.2694241e+000
  1.5709368e+000
  2.0157403e+000
  2.4257057e+000
  2.6181944e+000
  2.5246079e+000
  2.2295498e+000
  1.9058367e+000
  1.6976111e+000
  1.6391230e+000
  1.6644587e+000
  1.6903768e+000
  1.6984687e+000
  1.7475581e+000
  1.9076140e+000
  2.1733306e+000
  2.4347935e+000
  2.5381494e+000
  2.3957969e+000
  2.0618404e+000
  1.7103703e+000
  1.5262175e+000
  1.5849420e+000
  1.8087462e+000
  2.0293411e+000
  2.1097861e+000
  2.0352049e+000
  1.9086513e+000
  1.8619361e+000
  1.9545964e+000
  2.1389247e+000
  2.3130174e+000
  2.4125692e+000
  2.4623516e+000
  2.5432259e+000
  2.7017190e+000
  2.8791611e+000
  2.9252665e+000
